HP8:126.947828,37.498059,126.952828,37.503059
HP8:126.947828,37.503059,126.952828,37.508059
HP8:126.947828,37.508059,126.952828,37.513059
HP8:126.947828,37.513059,126.952828,37.516025
HP8:126.952828,37.498059,126.957828,37.503059
HP8:126.952828,37.503059,126.957828,37.508059
HP8:126.952828,37.508059,126.957828,37.513059
HP8:126.952828,37.513059,126.957828,37.516025
HP8:126.957828,37.498059,126.962828,37.503059
HP8:126.957828,37.503059,126.962828,37.508059
HP8:126.957828,37.508059,126.962828,37.513059
HP8:126.957828,37.513059,126.962828,37.516025
HP8:126.962828,37.498059,126.967828,37.503059
HP8:126.962828,37.503059,126.967828,37.508059
HP8:126.962828,37.508059,126.967828,37.513059
HP8:126.962828,37.513059,126.967828,37.516025
HP8:126.967828,37.498059,126.970476,37.503059
HP8:126.967828,37.503059,126.970476,37.508059
HP8:126.967828,37.508059,126.970476,37.513059
HP8:126.967828,37.513059,126.970476,37.516025
PM9:126.947828,37.498059,126.952828,37.503059
PM9:126.947828,37.503059,126.952828,37.508059
PM9:126.947828,37.508059,126.952828,37.513059
PM9:126.947828,37.513059,126.952828,37.516025
PM9:126.952828,37.498059,126.957828,37.503059
PM9:126.952828,37.503059,126.957828,37.508059
PM9:126.952828,37.508059,126.957828,37.513059
PM9:126.952828,37.513059,126.957828,37.516025
PM9:126.957828,37.498059,126.962828,37.503059
PM9:126.957828,37.503059,126.962828,37.508059
PM9:126.957828,37.508059,126.962828,37.513059
PM9:126.957828,37.513059,126.962828,37.516025
PM9:126.962828,37.498059,126.967828,37.503059
PM9:126.962828,37.503059,126.967828,37.508059
PM9:126.962828,37.508059,126.967828,37.513059
PM9:126.962828,37.513059,126.967828,37.516025
PM9:126.967828,37.498059,126.970476,37.503059
PM9:126.967828,37.503059,126.970476,37.508059
PM9:126.967828,37.508059,126.970476,37.513059
PM9:126.967828,37.513059,126.970476,37.516025
CS2:126.947828,37.498059,126.952828,37.503059
CS2:126.947828,37.503059,126.952828,37.508059
CS2:126.947828,37.508059,126.952828,37.513059
CS2:126.947828,37.513059,126.952828,37.516025
CS2:126.952828,37.498059,126.957828,37.503059
CS2:126.952828,37.503059,126.957828,37.508059
CS2:126.952828,37.508059,126.957828,37.513059
CS2:126.952828,37.513059,126.957828,37.516025
CS2:126.957828,37.498059,126.962828,37.503059
CS2:126.957828,37.503059,126.962828,37.508059
CS2:126.957828,37.508059,126.962828,37.513059
CS2:126.957828,37.513059,126.962828,37.516025
CS2:126.962828,37.498059,126.967828,37.503059
CS2:126.962828,37.503059,126.967828,37.508059
CS2:126.962828,37.508059,126.967828,37.513059
CS2:126.962828,37.513059,126.967828,37.516025
CS2:126.967828,37.498059,126.970476,37.503059
CS2:126.967828,37.503059,126.970476,37.508059
CS2:126.967828,37.508059,126.970476,37.513059
CS2:126.967828,37.513059,126.970476,37.516025
MT1:126.947828,37.498059,126.952828,37.503059
MT1:126.947828,37.503059,126.952828,37.508059
MT1:126.947828,37.508059,126.952828,37.513059
MT1:126.947828,37.513059,126.952828,37.516025
MT1:126.952828,37.498059,126.957828,37.503059
MT1:126.952828,37.503059,126.957828,37.508059
MT1:126.952828,37.508059,126.957828,37.513059
MT1:126.952828,37.513059,126.957828,37.516025
MT1:126.957828,37.498059,126.962828,37.503059
MT1:126.957828,37.503059,126.962828,37.508059
MT1:126.957828,37.508059,126.962828,37.513059
MT1:126.957828,37.513059,126.962828,37.516025
MT1:126.962828,37.498059,126.967828,37.503059
MT1:126.962828,37.503059,126.967828,37.508059
MT1:126.962828,37.508059,126.967828,37.513059
MT1:126.962828,37.513059,126.967828,37.516025
MT1:126.967828,37.498059,126.970476,37.503059
MT1:126.967828,37.503059,126.970476,37.508059
MT1:126.967828,37.508059,126.970476,37.513059
MT1:126.967828,37.513059,126.970476,37.516025
BK9:126.947828,37.498059,126.952828,37.503059
BK9:126.947828,37.503059,126.952828,37.508059
BK9:126.947828,37.508059,126.952828,37.513059
BK9:126.947828,37.513059,126.952828,37.516025
BK9:126.952828,37.498059,126.957828,37.503059
BK9:126.952828,37.503059,126.957828,37.508059
BK9:126.952828,37.508059,126.957828,37.513059
BK9:126.952828,37.513059,126.957828,37.516025
BK9:126.957828,37.498059,126.962828,37.503059
BK9:126.957828,37.503059,126.962828,37.508059
BK9:126.957828,37.508059,126.962828,37.513059
BK9:126.957828,37.513059,126.962828,37.516025
BK9:126.962828,37.498059,126.967828,37.503059
BK9:126.962828,37.503059,126.967828,37.508059
BK9:126.962828,37.508059,126.967828,37.513059
BK9:126.962828,37.513059,126.967828,37.516025
BK9:126.967828,37.498059,126.970476,37.503059
BK9:126.967828,37.503059,126.970476,37.508059
BK9:126.967828,37.508059,126.970476,37.513059
BK9:126.967828,37.513059,126.970476,37.516025
SW8:126.947828,37.498059,126.952828,37.503059
SW8:126.947828,37.503059,126.952828,37.508059
SW8:126.947828,37.508059,126.952828,37.513059
SW8:126.947828,37.513059,126.952828,37.516025
SW8:126.952828,37.498059,126.957828,37.503059
SW8:126.952828,37.503059,126.957828,37.508059
SW8:126.952828,37.508059,126.957828,37.513059
SW8:126.952828,37.513059,126.957828,37.516025
SW8:126.957828,37.498059,126.962828,37.503059
SW8:126.957828,37.503059,126.962828,37.508059
SW8:126.957828,37.508059,126.962828,37.513059
SW8:126.957828,37.513059,126.962828,37.516025
SW8:126.962828,37.498059,126.967828,37.503059
SW8:126.962828,37.503059,126.967828,37.508059
SW8:126.962828,37.508059,126.967828,37.513059
SW8:126.962828,37.513059,126.967828,37.516025
SW8:126.967828,37.498059,126.970476,37.503059
SW8:126.967828,37.503059,126.970476,37.508059
SW8:126.967828,37.508059,126.970476,37.513059
SW8:126.967828,37.513059,126.970476,37.516025
FD6:126.947828,37.498059,126.950328,37.500559
FD6:126.950328,37.498059,126.951578,37.499309
FD6:126.951578,37.498059,126.952828,37.499309
FD6:126.950328,37.499309,126.951578,37.500559
FD6:126.951578,37.499309,126.952828,37.500559
FD6:126.950328,37.498059,126.952828,37.500559
FD6:126.947828,37.500559,126.950328,37.503059
FD6:126.950328,37.500559,126.952828,37.503059
FD6:126.947828,37.498059,126.952828,37.503059
FD6:126.947828,37.503059,126.950328,37.505559
FD6:126.950328,37.503059,126.952828,37.505559
FD6:126.947828,37.505559,126.950328,37.508059
FD6:126.950328,37.505559,126.952828,37.508059
FD6:126.947828,37.503059,126.952828,37.508059
FD6:126.947828,37.508059,126.952828,37.513059
FD6:126.947828,37.513059,126.952828,37.516025
FD6:126.952828,37.498059,126.957828,37.503059
FD6:126.952828,37.503059,126.957828,37.508059
FD6:126.952828,37.508059,126.957828,37.513059
FD6:126.952828,37.513059,126.957828,37.516025
FD6:126.957828,37.498059,126.962828,37.503059
FD6:126.957828,37.503059,126.960328,37.505559
FD6:126.960328,37.503059,126.962828,37.505559
FD6:126.957828,37.505559,126.959078,37.506809
FD6:126.959078,37.505559,126.960328,37.506809
FD6:126.957828,37.506809,126.959078,37.508059
FD6:126.959078,37.506809,126.960328,37.508059
FD6:126.957828,37.505559,126.960328,37.508059
FD6:126.960328,37.505559,126.961578,37.506809
FD6:126.961578,37.505559,126.962828,37.506809
FD6:126.960328,37.506809,126.961578,37.508059
FD6:126.961578,37.506809,126.962828,37.508059
FD6:126.960328,37.505559,126.962828,37.508059
FD6:126.957828,37.503059,126.962828,37.508059
FD6:126.957828,37.508059,126.960328,37.510559
FD6:126.960328,37.508059,126.961578,37.509309
FD6:126.961578,37.508059,126.962828,37.509309
FD6:126.960328,37.509309,126.961578,37.510559
FD6:126.961578,37.509309,126.962828,37.510559
FD6:126.960328,37.508059,126.962828,37.510559
FD6:126.957828,37.510559,126.960328,37.513059
FD6:126.960328,37.510559,126.962828,37.513059
FD6:126.957828,37.508059,126.962828,37.513059
FD6:126.957828,37.513059,126.962828,37.516025
FD6:126.962828,37.498059,126.967828,37.503059
FD6:126.962828,37.503059,126.965328,37.505559
FD6:126.965328,37.503059,126.967828,37.505559
FD6:126.962828,37.505559,126.964078,37.506809
FD6:126.964078,37.505559,126.965328,37.506809
FD6:126.962828,37.506809,126.964078,37.508059
FD6:126.964078,37.506809,126.965328,37.508059
FD6:126.962828,37.505559,126.965328,37.508059
FD6:126.965328,37.505559,126.967828,37.508059
FD6:126.962828,37.503059,126.967828,37.508059
FD6:126.962828,37.508059,126.967828,37.513059
FD6:126.962828,37.513059,126.967828,37.516025
FD6:126.967828,37.498059,126.970476,37.503059
FD6:126.967828,37.503059,126.970476,37.508059
FD6:126.967828,37.508059,126.970476,37.513059
FD6:126.967828,37.513059,126.970476,37.516025
CE7:126.947828,37.498059,126.952828,37.503059
CE7:126.947828,37.503059,126.952828,37.508059
CE7:126.947828,37.508059,126.952828,37.513059
CE7:126.947828,37.513059,126.952828,37.516025
CE7:126.952828,37.498059,126.957828,37.503059
CE7:126.952828,37.503059,126.957828,37.508059
CE7:126.952828,37.508059,126.957828,37.513059
CE7:126.952828,37.513059,126.957828,37.516025
CE7:126.957828,37.498059,126.962828,37.503059
CE7:126.957828,37.503059,126.962828,37.508059
CE7:126.957828,37.508059,126.962828,37.513059
CE7:126.957828,37.513059,126.962828,37.516025
CE7:126.962828,37.498059,126.967828,37.503059
CE7:126.962828,37.503059,126.967828,37.508059
CE7:126.962828,37.508059,126.967828,37.513059
CE7:126.962828,37.513059,126.967828,37.516025
CE7:126.967828,37.498059,126.970476,37.503059
CE7:126.967828,37.503059,126.970476,37.508059
CE7:126.967828,37.508059,126.970476,37.513059
CE7:126.967828,37.513059,126.970476,37.516025
